2,0.91467,-0.073318,0.016101,0.25877,0.16586,0.062538,0.024212,0.0017333,0.0066796,0.0090418,0.063363,-0.04846,0.045729,0.026012,-0.085513,0.075531,0.059632,0.061579,0.024853,0.066312,0.14699,0.1071,0.049319,0.0054927,-0.043181,0.023318,0,0,0,0
2,0.71614,0.36927,-0.25755,-0.075633,-0.13351,0.24154,-0.37852,-0.15697,-0.077376,-0.13862,0.18049,-0.04751,0.01378,-0.055094,-0.032388,0.056277,0.028064,-0.063155,-0.029906,-0.013748,0.0061404,0.014845,0.010596,-0.082087,0.033443,-0.020665,0,0,0,0
1,0.93594,-0.25042,0.04194,-0.068449,-0.04582,0.03061,0.11187,-0.076556,0.043158,-0.053474,-0.0035556,0.088059,0.055394,-0.055985,0.16707,-0.11206,0.043227,-0.051927,0.010268,-0.016012,0.037452,0.056061,0.015244,-0.054807,-0.037391,0.030796,0,0,0,0
1,0.91194,-0.17018,-0.064366,-0.1316,-0.028029,-0.047752,-0.047854,-0.0068809,-0.14344,-0.1261,0.079007,0.036167,0.15668,-0.080857,0.15854,0.11464,0.038885,-0.046297,-0.086206,0.042531,-0.021588,0.0023354,0.12613,-0.0046014,0.0069898,0.0050252,0,0,0,0
2,0.92556,-0.026737,-0.034123,0.2071,0.063864,0.19141,0.14197,0.028402,0.00010256,-0.026979,-0.033015,-0.011904,-0.056733,0.10953,-0.087797,0.056944,0.058924,-0.030535,0.017948,-0.045572,-0.0067295,-0.030889,-0.03674,-0.043354,-0.045512,0.0066664,0,0,0,0
4,0.95891,-0.14939,0.15083,-0.088816,0.010726,0.049641,-0.059805,0.057064,-0.08514,-0.037932,-0.026518,-0.13839,0.033901,0.10741,0.081249,0.011689,0.00041755,0.032524,0.0055796,-0.031486,0.052792,0.0002878,-0.0098395,0.0031215,-0.0037199,-0.020485,0,0,0,0
4,0.96096,-0.085784,0.13454,0.007376,-0.0098961,0.024285,-0.12721,0.15247,-0.058626,0.030519,-0.065163,-0.041355,0.045222,-0.071843,0.058158,0.0019825,0.014987,-0.014205,-0.029489,-0.0056563,-0.014802,-0.09221,-0.031788,0.066401,0.037537,0.067621,0,0,0,0
4,0.95577,-0.12319,0.088009,-0.105,-0.061696,-0.013688,-0.091748,-0.034431,-0.016933,0.0047668,-0.08663,0.042965,0.12337,0.045695,0.029425,-0.0039658,-0.010544,0.036971,-0.002001,-0.063185,0.06966,-0.026393,0.003947,0.060643,0.10662,-0.039796,0,0,0,0
1,0.94274,-0.2045,-0.019485,-0.069299,0.070508,-0.014056,-0.052193,0.012798,-0.1461,-0.037468,0.10958,0.023797,0.019343,-0.073236,-0.045391,0.12453,0.01851,0.049287,-0.098535,0.018746,-0.015004,-0.095212,-0.0093967,0.034438,-0.064532,-0.031842,0,0,0,0
1,0.90721,-0.20012,-0.25304,-0.13514,-0.14741,-0.04284,-0.1174,0.0073806,-0.035881,-0.09153,-0.055435,-0.01446,0.17199,-0.043692,0.01921,-0.15732,-0.058146,-0.022791,-0.0024171,0.041648,0.042478,-0.017559,-0.025638,-0.055851,-0.047287,-0.050553,0,0,0,0
4,0.91754,-0.302,0.067116,-0.13885,-0.043487,-0.033112,-0.11368,-0.045056,-0.035036,-0.086596,-0.12548,-0.10351,0.064072,-0.046054,0.072114,0.049467,0.018972,0.020628,-0.012467,0.083109,0.042096,-0.0073202,-0.052776,0.01495,-0.040629,-0.071374,0,0,0,0
2,0.69157,0.40372,-0.16302,0.11186,-0.076405,0.35312,-0.43094,-0.089423,-0.057229,-0.10344,0.077617,-0.016378,0.091541,-0.025217,-0.01532,0.080911,-0.024465,0.018796,0.059353,-0.005185,0.036395,0.015642,0.04435,0.036955,-0.03726,-0.0076248,0,0,0,0
1,0.9233,-0.29231,-0.1187,-0.12015,-0.046929,0.049197,-0.11626,0.034833,-0.0090058,0.0065904,0.046517,0.065344,0.11605,-0.012988,0.10918,0.098459,0.014205,-0.018963,-0.025485,0.047229,-0.095531,0.095169,-0.034446,0.02676,-0.050657,0.032541,0,0,0,0
2,0.92226,0.089973,0.0030498,0.30191,0.03327,0.040959,0.075251,0.1335,-0.077157,-0.016774,0.032183,-0.038251,-0.011018,-0.10095,0.0086702,-0.06836,-0.068329,-0.072369,0.059722,0.0183,0.05412,-0.058413,-0.040181,0.023546,-0.061333,0.048902,0,0,0,0
3,0.76374,0.089042,0.47671,0.029306,-0.17353,0.07666,0.078047,-0.072556,-0.031539,0.067588,0.038646,0.12226,0.10207,-0.00039283,-0.16155,-0.010083,0.27648,0.027042,0.039375,0.046789,0.0072975,0.11318,-0.04162,0.00053887,-0.021904,-0.011302,0,0,0,0
2,0.91737,-0.0053976,-0.0062985,0.28519,0.11588,0.14515,0.13251,0.025337,-0.020373,0.065121,-0.063822,0.069542,0.015631,-0.026079,-0.036414,-0.037462,0.08411,-0.0095231,-0.11151,-0.061175,-0.036345,0.0055711,0.037216,-0.041801,0.0018645,0.092036,0,0,0,0
3,0.87783,0.1057,0.21148,0.17831,0.0079726,0.028904,-0.12822,0.098058,-0.020335,-0.001274,0.18305,-0.020552,0.077973,0.13149,0.097572,-0.11669,-0.053262,0.016391,-0.062719,-0.091308,-0.12768,-0.02793,-0.0094553,0.02189,-0.08745,0.082397,0,0,0,0
2,0.91759,-0.00069263,-0.13923,0.081009,0.15022,0.16742,-0.011324,-0.0014244,-0.12511,-0.0086318,0.035848,-0.01486,0.12252,0.10472,0.0046487,-0.067191,-0.14843,-0.11358,0.050626,-0.025149,-0.11137,0.075616,-0.052455,-0.08385,-0.035241,-0.04263,0,0,0,0
3,0.8093,-0.34232,0.043473,-0.045555,-0.19974,0.0032227,0.20056,0.09062,-0.02631,-0.11532,0.11655,0.10831,-0.12287,0.17975,0.091306,0.12169,0.026555,0.0090865,0.18524,-0.051561,0.077049,0.040231,-0.045106,0.057941,-0.001173,0.055292,0,0,0,0
1,0.95917,-0.14048,-0.020742,0.025608,-0.098286,-0.1267,0.016462,0.033422,-0.12789,-0.016873,0.11004,0.0031659,0.015769,-0.062757,0.10136,-0.068594,-0.021585,-0.0028733,-0.10189,-0.064285,0.06512,0.082951,-0.036327,0.0019423,0.014539,0.018609,0,0,0,0
4,0.94154,-0.13303,0.087712,-0.0278,-0.098746,0.11103,-0.032517,-0.010894,-0.051528,0.0091911,-0.11066,-0.071578,-0.0056532,-0.038923,-0.075171,0.027667,-0.042022,0.14529,-0.10434,0.012008,-0.051329,0.010075,-0.042719,0.072269,-0.037163,0.0093821,0,0,0,0
1,0.9519,-0.17375,-0.076516,-0.078962,0.072384,-0.062486,0.070544,0.043934,-0.15111,-0.063601,0.10266,-0.028161,0.059709,-0.015593,-0.013311,0.14151,0.044162,0.0036596,-0.032363,0.059755,-0.061885,-0.074028,0.022156,0.011617,-0.016406,0.017266,0,0,0,0
2,0.93014,-0.023679,0.00024285,0.22393,0.010231,0.20208,0.18514,-0.034251,0.048129,0.03499,-0.0079239,0.060723,0.061559,-0.019263,-0.022747,0.023074,0.055371,-0.020826,-0.077684,-0.027383,0.086788,-0.078194,0.0087939,0.095547,-0.032759,-0.034865,0,0,0,0
1,0.93809,-0.26316,-0.08095,-0.13831,-0.0096006,-0.088579,-0.073438,-0.046841,-0.012572,0.061147,-0.045436,-0.003929,0.11471,-0.078496,0.0037817,0.066125,0.084138,-0.088544,0.024897,0.024601,0.044457,0.039883,-0.070996,0.060614,-0.038455,-0.013689,0,0,0,0
